  -1.9153350e-03
  -2.4946796e-03
  -2.1117516e-03
  -2.6874064e-03
  -2.7413769e-03
  -2.3300894e-03
  -1.3478896e-03
  -3.3728923e-03
  -2.3597996e-03
  -6.0247136e-03
   2.2046073e-03
  -7.9283667e-03
   4.2772520e-02
  -2.2174550e-04
  -1.0517707e-02
   1.9056563e-02
  -4.8802821e-02
   1.0606011e-01
  -4.5453237e-01
  -3.6827564e-01
   1.2195942e-01
  -6.2893788e-02
   3.3321119e-02
  -1.9706360e-02
   1.4398703e-02
   3.6938441e-02
  -5.2584727e-03
   3.2382513e-03
  -1.0167655e-03
   3.9534363e-04
   8.4319088e-04
   2.0655557e-03
   1.2182237e-03
  -3.6743405e-04
   1.0242501e-03
   2.2132942e-03
   2.9744206e-04
   2.0870671e-03
   9.7504957e-04
   5.9583448e-03
