   5.2600000e+01   3.0000000e+00   4.3989000e+03
   4.0000000e+01   3.0000000e+00   3.6289000e+03
   6.0000000e+01   3.0000000e+00   4.0590000e+03
   3.5400000e+01   2.0000000e+00   2.5520000e+03
   7.5000000e+01   4.0000000e+00   5.9389000e+03
   4.9625000e+01   4.0000000e+00   3.2989000e+03
   3.8350000e+01   3.0000000e+00   3.4639000e+03
   3.5675000e+01   3.0000000e+00   2.1889890e+03
   3.4500000e+01   3.0000000e+00   2.3320000e+03
   3.7350000e+01   3.0000000e+00   2.6675000e+03
   4.8500000e+01   4.0000000e+00   2.6399890e+03
   5.0000000e+01   3.0000000e+00   3.8170000e+03
   4.7250000e+01   3.0000000e+00   3.6299890e+03
   1.1195000e+02   5.0000000e+00   7.6989000e+03
   3.1700000e+01   3.0000000e+00   2.8589000e+03
   5.7500000e+01   4.0000000e+00   4.9489000e+03
   3.3000000e+01   2.0000000e+00   3.2989000e+03
   3.0900000e+01   3.0000000e+00   2.1989000e+03
   6.5225000e+01   4.0000000e+00   5.4999780e+03
   7.5775000e+01   4.0000000e+00   6.5890000e+03
   4.4175000e+01   3.0000000e+00   2.7819000e+03
   4.7200000e+01   2.0000000e+00   2.8050000e+03
   4.0100000e+01   3.0000000e+00   2.6719000e+03
   4.9050000e+01   4.0000000e+00   2.8589000e+03
   9.7250000e+01   3.0000000e+00   6.3129000e+03
   2.7500000e+01   3.0000000e+00   2.7489000e+03
   3.6450000e+01   3.0000000e+00   5.1095000e+03
   6.3150000e+01   3.0000000e+00   5.1590000e+03
   5.5000000e+01   3.0000000e+00   5.2250000e+03
   6.5925000e+01   3.0000000e+00   3.2989000e+03
   4.5975000e+01   2.0000000e+00   3.8489000e+03
   2.5000000e+01   1.0000000e+00   1.8689000e+03
   5.1000000e+01   4.0000000e+00   3.4639000e+03
   7.8425000e+01   3.0000000e+00   6.3789000e+03
   4.5275000e+01   4.0000000e+00   3.1449000e+03
   3.5925000e+01   3.0000000e+00   2.7489000e+03
   3.0975000e+01   3.0000000e+00   2.5289000e+03
   5.3300000e+01   4.0000000e+00   3.7950000e+03
   1.0537500e+02   4.0000000e+00   6.0390000e+03
   5.4050000e+01   4.0000000e+00   3.1570000e+03
   4.1600000e+01   2.0000000e+00   4.0535000e+03
   5.5950000e+01   3.0000000e+00   3.6289000e+03
   6.4175000e+01   4.0000000e+00   3.4540000e+03
   3.0000000e+01   3.0000000e+00   3.2890000e+03
   2.1300000e+01   2.0000000e+00   1.9789000e+03
   4.6300000e+01   4.0000000e+00   3.2989000e+03
   3.0075000e+01   3.0000000e+00   2.6345000e+03