   5.1267000e-02   6.9956000e-01   0.0000000e+00
  -9.2742000e-02   6.8494000e-01   0.0000000e+00
  -2.1371000e-01   6.9225000e-01   0.0000000e+00
  -3.7500000e-01   5.0219000e-01   0.0000000e+00
  -5.1325000e-01   4.6564000e-01   0.0000000e+00
  -5.2477000e-01   2.0980000e-01   0.0000000e+00
  -3.9804000e-01   3.4357000e-02   0.0000000e+00
  -3.0588000e-01  -1.9225000e-01   0.0000000e+00
   1.6705000e-02  -4.0424000e-01   0.0000000e+00
   1.3191000e-01  -5.1389000e-01   0.0000000e+00
   3.8537000e-01  -5.6506000e-01   0.0000000e+00
   5.2938000e-01  -5.2120000e-01   0.0000000e+00
   6.3882000e-01  -2.4342000e-01   0.0000000e+00
   7.3675000e-01  -1.8494000e-01   0.0000000e+00
   5.4666000e-01   4.8757000e-01   0.0000000e+00
   3.2200000e-01   5.8260000e-01   0.0000000e+00
   1.6647000e-01   5.3874000e-01   0.0000000e+00
  -4.6659000e-02   8.1652000e-01   0.0000000e+00
  -1.7339000e-01   6.9956000e-01   0.0000000e+00
  -4.7869000e-01   6.3377000e-01   0.0000000e+00
  -6.0541000e-01   5.9722000e-01   0.0000000e+00
  -6.2846000e-01   3.3406000e-01   0.0000000e+00
  -5.9389000e-01   5.1170000e-03   0.0000000e+00
  -4.2108000e-01  -2.7266000e-01   0.0000000e+00
  -1.1578000e-01  -3.9693000e-01   0.0000000e+00
   2.0104000e-01  -6.0161000e-01   0.0000000e+00
   4.6601000e-01  -5.3582000e-01   0.0000000e+00
   6.7339000e-01  -5.3582000e-01   0.0000000e+00
  -1.3882000e-01   5.4605000e-01   0.0000000e+00
  -2.9435000e-01   7.7997000e-01   0.0000000e+00
  -2.6555000e-01   9.6272000e-01   0.0000000e+00
  -1.6187000e-01   8.0190000e-01   0.0000000e+00
  -1.7339000e-01   6.4839000e-01   0.0000000e+00
  -2.8283000e-01   4.7295000e-01   0.0000000e+00
  -3.6348000e-01   3.1213000e-01   0.0000000e+00
  -3.0012000e-01   2.7047000e-02   0.0000000e+00
  -2.3675000e-01  -2.1418000e-01   0.0000000e+00
  -6.3940000e-02  -1.8494000e-01   0.0000000e+00
   6.2788000e-02  -1.6301000e-01   0.0000000e+00
   2.2984000e-01  -4.1155000e-01   0.0000000e+00
   2.9320000e-01  -2.2880000e-01   0.0000000e+00
   4.8329000e-01  -1.8494000e-01   0.0000000e+00
   6.4459000e-01  -1.4108000e-01   0.0000000e+00
   4.6025000e-01   1.2427000e-02   0.0000000e+00
   6.2730000e-01   1.5863000e-01   0.0000000e+00
   5.7546000e-01   2.6827000e-01   0.0000000e+00
   7.2523000e-01   4.4371000e-01   0.0000000e+00
   2.2408000e-01   5.2412000e-01   0.0000000e+00
   4.4297000e-01   6.7032000e-01   0.0000000e+00
   3.2200000e-01   6.9225000e-01   0.0000000e+00
   1.3767000e-01   5.7529000e-01   0.0000000e+00
  -6.3364000e-03   3.9985000e-01   0.0000000e+00
  -9.2742000e-02   5.5336000e-01   0.0000000e+00
  -2.0795000e-01   3.5599000e-01   0.0000000e+00
  -2.0795000e-01   1.7325000e-01   0.0000000e+00
  -4.3836000e-01   2.1711000e-01   0.0000000e+00
  -2.1947000e-01  -1.6813000e-02   0.0000000e+00
  -1.3882000e-01  -2.7266000e-01   0.0000000e+00
   1.8376000e-01   9.3348000e-01   1.0000000e+00
   2.2408000e-01   7.7997000e-01   1.0000000e+00
   2.9896000e-01   6.1915000e-01   1.0000000e+00
   5.0634000e-01   7.5804000e-01   1.0000000e+00
   6.1578000e-01   7.2880000e-01   1.0000000e+00
   6.0426000e-01   5.9722000e-01   1.0000000e+00
   7.6555000e-01   5.0219000e-01   1.0000000e+00
   9.2684000e-01   3.6330000e-01   1.0000000e+00
   8.2316000e-01   2.7558000e-01   1.0000000e+00
   9.6141000e-01   8.5526000e-02   1.0000000e+00
   9.3836000e-01   1.2427000e-02   1.0000000e+00
   8.6348000e-01  -8.2602000e-02   1.0000000e+00
   8.9804000e-01  -2.0687000e-01   1.0000000e+00
   8.5196000e-01  -3.6769000e-01   1.0000000e+00
   8.2892000e-01  -5.2120000e-01   1.0000000e+00
   7.9435000e-01  -5.5775000e-01   1.0000000e+00
   5.9274000e-01  -7.4050000e-01   1.0000000e+00
   5.1786000e-01  -5.9430000e-01   1.0000000e+00
   4.6601000e-01  -4.1886000e-01   1.0000000e+00
   3.5081000e-01  -5.7968000e-01   1.0000000e+00
   2.8744000e-01  -7.6974000e-01   1.0000000e+00
   8.5829000e-02  -7.5512000e-01   1.0000000e+00
   1.4919000e-01  -5.7968000e-01   1.0000000e+00
  -1.3306000e-01  -4.4810000e-01   1.0000000e+00
  -4.0956000e-01  -4.1155000e-01   1.0000000e+00
  -3.9228000e-01  -2.5804000e-01   1.0000000e+00
  -7.4366000e-01  -2.5804000e-01   1.0000000e+00
  -6.9758000e-01   4.1667000e-02   1.0000000e+00
  -7.5518000e-01   2.9020000e-01   1.0000000e+00
  -6.9758000e-01   6.8494000e-01   1.0000000e+00
  -4.0380000e-01   7.0687000e-01   1.0000000e+00
  -3.8076000e-01   9.1886000e-01   1.0000000e+00
  -5.0749000e-01   9.0424000e-01   1.0000000e+00
  -5.4781000e-01   7.0687000e-01   1.0000000e+00
   1.0311000e-01   7.7997000e-01   1.0000000e+00
   5.7028000e-02   9.1886000e-01   1.0000000e+00
  -1.0426000e-01   9.9196000e-01   1.0000000e+00
  -8.1221000e-02   1.1089000e+00   1.0000000e+00
   2.8744000e-01   1.0870000e+00   1.0000000e+00
   3.9689000e-01   8.2383000e-01   1.0000000e+00
   6.3882000e-01   8.8962000e-01   1.0000000e+00
   8.2316000e-01   6.6301000e-01   1.0000000e+00
   6.7339000e-01   6.4108000e-01   1.0000000e+00
   1.0709000e+00   1.0015000e-01   1.0000000e+00
  -4.6659000e-02  -5.7968000e-01   1.0000000e+00
  -2.3675000e-01  -6.3816000e-01   1.0000000e+00
  -1.5035000e-01  -3.6769000e-01   1.0000000e+00
  -4.9021000e-01  -3.0190000e-01   1.0000000e+00
  -4.6717000e-01  -1.3377000e-01   1.0000000e+00
  -2.8859000e-01  -6.0673000e-02   1.0000000e+00
  -6.1118000e-01  -6.7982000e-02   1.0000000e+00
  -6.6302000e-01  -2.1418000e-01   1.0000000e+00
  -5.9965000e-01  -4.1886000e-01   1.0000000e+00
  -7.2638000e-01  -8.2602000e-02   1.0000000e+00
  -8.3007000e-01   3.1213000e-01   1.0000000e+00
  -7.2062000e-01   5.3874000e-01   1.0000000e+00
  -5.9389000e-01   4.9488000e-01   1.0000000e+00
  -4.8445000e-01   9.9927000e-01   1.0000000e+00
  -6.3364000e-03   9.9927000e-01   1.0000000e+00
   6.3265000e-01  -3.0612000e-02   1.0000000e+00
