   1.5866154e+00   7.4827304e-02   0.0000000e+00
   1.0793343e+00   5.2515590e-02   0.0000000e+00
   1.0095307e+00   4.9068039e-02   0.0000000e+00
   1.2012172e+00   3.8283214e-02   0.0000000e+00
   1.1063143e+00   1.9157271e-02   0.0000000e+00
   1.2031811e+00   1.7050800e-01   0.0000000e+00
   1.5826232e+00   5.1897488e-02   0.0000000e+00
   1.0504363e+00   3.6607125e-02   0.0000000e+00
   1.4306214e+00   9.6281534e-02   0.0000000e+00
   1.4867226e+00   5.2406213e-02   0.0000000e+00
   1.6322260e+00   5.5475374e-02   0.0000000e+00
   1.5723354e+00   4.0065915e-02   0.0000000e+00
   1.5716641e+00   6.7722981e-02   0.0000000e+00
   1.2341260e+00   7.5991378e-02   0.0000000e+00
   1.1375073e+00   8.8320876e-02   0.0000000e+00
   1.1482406e+00   6.7618698e-02   0.0000000e+00
   1.4417276e+00   5.7986293e-02   0.0000000e+00
   1.9355345e+00   4.2218299e-02   0.0000000e+00
   1.5220750e+00   5.8743357e-02   0.0000000e+00
   1.6910928e+00   6.6081530e-02   0.0000000e+00
   1.3698690e+00   4.7790214e-02   0.0000000e+00
   1.7114421e+00   7.7357383e-02   0.0000000e+00
   1.0016834e+00   1.1598684e-01   0.0000000e+00
   1.0026919e+00   5.7561536e-02   0.0000000e+00
   1.0904010e+00   5.8392749e-02   0.0000000e+00
   1.1131982e+00   1.4213228e-01   0.0000000e+00
   1.2837817e+00   3.2219830e-02   0.0000000e+00
   1.0019241e+00   4.4004238e-02   0.0000000e+00
   1.0061965e+00   8.3901660e-02   0.0000000e+00
   1.1149739e+00   6.9239150e-02   0.0000000e+00
   1.0825886e+00   4.3747415e-02   0.0000000e+00
   1.1008893e+00   2.7131701e-02   0.0000000e+00
   1.0064576e+00   2.4692609e-02   0.0000000e+00
   1.2080155e+00   8.5822113e-02   0.0000000e+00
   1.2590833e+00   2.4848562e-02   0.0000000e+00
   1.7073448e+00   5.9419332e-02   0.0000000e+00
   2.1079948e+00   5.7331704e-02   0.0000000e+00
   1.1663648e+00   1.2661961e-01   0.0000000e+00
   1.6306195e+00   7.6752821e-02   0.0000000e+00
   1.1443268e+00   3.3641585e-02   0.0000000e+00
   2.3762114e+00   3.6666005e-02   0.0000000e+00
   1.1720383e+00   2.5152163e-02   0.0000000e+00
   1.2840822e+00   3.2945786e-02   0.0000000e+00
   1.0473445e+00   8.1485307e-02   0.0000000e+00
   1.0891625e+00   6.8779355e-02   0.0000000e+00
   1.9772170e+00   4.4041853e-02   0.0000000e+00
   2.2165221e+00   6.8066780e-02   0.0000000e+00
   1.0233021e+00   2.8330179e-02   0.0000000e+00
   1.6158058e+00   5.3706066e-02   0.0000000e+00
   1.6505948e+00   4.2322471e-02   0.0000000e+00
   1.4903455e+00   5.8898520e-02   0.0000000e+00
   1.4867226e+00   5.2406213e-02   0.0000000e+00
   1.6322260e+00   5.5475374e-02   0.0000000e+00
   1.5723354e+00   4.0065915e-02   0.0000000e+00
   1.5716641e+00   6.7722981e-02   0.0000000e+00
   1.2341260e+00   7.5991378e-02   0.0000000e+00
   1.1375073e+00   8.8320876e-02   0.0000000e+00
   1.1482406e+00   6.7618698e-02   0.0000000e+00
   1.4417276e+00   5.7986293e-02   0.0000000e+00
   1.2012172e+00   3.8283214e-02   0.0000000e+00
   1.1063143e+00   1.9157271e-02   0.0000000e+00
   1.2031811e+00   1.7050800e-01   0.0000000e+00
   1.5826232e+00   5.1897488e-02   0.0000000e+00
   1.0504363e+00   3.6607125e-02   0.0000000e+00
   1.0728456e+00   5.2560029e-02   0.0000000e+00
   1.0446948e+00   7.6278717e-02   0.0000000e+00
   1.0190851e+00   4.7359100e-02   0.0000000e+00
   1.2327734e+00   5.2398044e-02   0.0000000e+00
   1.0386127e+00   2.4041084e-02   0.0000000e+00
   1.1120201e+00   1.3803156e-01   0.0000000e+00
   1.0747741e+00   4.5258219e-02   0.0000000e+00
   1.0279190e+00   4.2376700e-02   0.0000000e+00
   1.0618997e+00   3.2111790e-02   0.0000000e+00
   1.0768017e+00   9.6594308e-02   0.0000000e+00
   1.0881914e+00   2.2488823e-02   0.0000000e+00
   1.4885470e+00   3.8694943e-02   0.0000000e+00
   1.2250115e+00   6.0852918e-02   0.0000000e+00
   1.1524888e+00   7.0119626e-02   0.0000000e+00
   1.6062180e+00   4.6058614e-02   0.0000000e+00
   1.1867925e+00   1.3704225e-01   0.0000000e+00
   1.0263744e+00   5.3409677e-02   0.0000000e+00
   1.0575484e+00   5.3811488e-02   0.0000000e+00
   1.2994640e+00   2.4738559e-02   0.0000000e+00
   1.1392791e+00   1.1969885e-01   0.0000000e+00
   1.1976813e+00   5.8441821e-02   0.0000000e+00
   1.1536217e+00   5.8844534e-02   0.0000000e+00
   1.0908631e+00   3.0239842e-02   0.0000000e+00
   1.2040000e+00   7.7137749e-02   0.0000000e+00
   1.0493471e+00   1.0157998e-01   0.0000000e+00
   1.1381665e+00   5.8680109e-02   0.0000000e+00
   1.1606234e+00   8.0173304e-02   0.0000000e+00
   1.1131609e+00   4.5360727e-02   0.0000000e+00
   1.0952310e+00   3.4293998e-02   0.0000000e+00
   1.0392408e+00   1.4045331e-01   0.0000000e+00
   1.1891017e+00   5.6141048e-02   0.0000000e+00
   1.3170375e+00   5.4635883e-02   0.0000000e+00
   1.0344662e+00   3.0699104e-02   0.0000000e+00
   1.0295798e+00   1.0453483e-01   0.0000000e+00
   1.6282469e+00   1.1114350e-01   0.0000000e+00
   1.1279895e+00   5.1909606e-02   0.0000000e+00
   1.1715146e+00   7.2770615e-02   0.0000000e+00
   1.1767918e+00   3.8748367e-02   0.0000000e+00
   1.2963344e+00   4.2383294e-02   0.0000000e+00
   1.2700826e+00   5.7277620e-02   0.0000000e+00
   1.0484447e+00   1.1177461e-01   0.0000000e+00
   1.0523689e+00   7.9270253e-02   0.0000000e+00
   1.0011803e+00   3.6252809e-02   0.0000000e+00
   1.0217742e+00   1.4614011e-01   0.0000000e+00
   1.0315421e+00   5.9357707e-02   0.0000000e+00
   1.0760545e+00   3.0535812e-02   0.0000000e+00
   1.0245750e+00   8.6114596e-02   0.0000000e+00
   1.3294624e+00   6.8271497e-02   0.0000000e+00
   1.1837600e+00   7.3706848e-02   0.0000000e+00
   1.0449964e+00   6.7915595e-02   0.0000000e+00
   1.3424091e+00   7.2270039e-02   0.0000000e+00
   1.0184231e+00   8.8909809e-02   0.0000000e+00
   1.1645581e+00   7.8343385e-02   0.0000000e+00
   1.2105689e+00   1.2997168e-01   0.0000000e+00
   1.3294624e+00   6.8271497e-02   0.0000000e+00
   1.0394903e+00   5.9178749e-02   0.0000000e+00
   1.1456848e+00   7.6393972e-02   0.0000000e+00
   1.2256827e+00   4.1202263e-02   0.0000000e+00
   1.0264981e+00   4.5277229e-02   0.0000000e+00
   1.1159112e+00   4.9832615e-02   0.0000000e+00
   1.4160162e+00   6.0545123e-02   0.0000000e+00
   1.2435436e+00   6.8810731e-02   0.0000000e+00
   1.5963296e+00   3.4774790e-02   0.0000000e+00
   1.0742768e+00   5.2532022e-02   0.0000000e+00
   1.1580336e+00   7.1670397e-02   0.0000000e+00
   1.1390148e+00   6.2463125e-02   0.0000000e+00
   2.0852864e+00   5.6046602e-01   1.0000000e+00
   2.5315091e+00   2.5218463e-01   1.0000000e+00
   2.2115865e+00   2.0553958e-01   1.0000000e+00
   2.0381514e+00   5.4768448e-01   1.0000000e+00
   2.0850303e+00   5.8263920e-01   1.0000000e+00
   2.0153377e+00   1.0390761e+00   1.0000000e+00
   2.0045591e+00   6.4857493e-01   1.0000000e+00
   2.0102906e+00   1.3323503e+00   1.0000000e+00
   1.9514614e+00   5.3709124e-01   1.0000000e+00
   2.0097432e+00   1.0909882e+00   1.0000000e+00
   2.1916790e+00   9.5788463e-01   1.0000000e+00
   2.1903480e+00   1.0458322e+00   1.0000000e+00
   2.0029015e+00   5.9990973e-01   1.0000000e+00
   2.0080325e+00   1.1990836e+00   1.0000000e+00
   1.9489631e+00   9.4799860e-01   1.0000000e+00
   1.9546318e+00   9.9776143e-01   1.0000000e+00
   2.0018983e+00   5.3451182e-01   1.0000000e+00
   2.0270512e+00   6.8654262e-01   1.0000000e+00
   1.9976005e+00   1.0560840e+00   1.0000000e+00
   1.9691084e+00   1.0049811e+00   1.0000000e+00
   2.0855813e+00   8.6721356e-01   1.0000000e+00
   2.1449099e+00   8.1896205e-01   1.0000000e+00
   2.1195004e+00   7.8484943e-01   1.0000000e+00
   2.0655673e+00   1.2123925e+00   1.0000000e+00
   2.0827687e+00   7.9135596e-01   1.0000000e+00
   2.4551634e+00   2.0217813e-01   1.0000000e+00
   2.1459783e+00   7.4848446e-01   1.0000000e+00
   2.2912778e+00   9.2626748e-01   1.0000000e+00
   2.1730064e+00   8.8915380e-01   1.0000000e+00
   2.0431437e+00   7.7167652e-01   1.0000000e+00
   2.2924144e+00   3.2117889e-01   1.0000000e+00
   2.1827892e+00   7.8205057e-01   1.0000000e+00
   2.2485195e+00   6.9848806e-01   1.0000000e+00
   2.1750496e+00   1.2891201e+00   1.0000000e+00
   3.0499627e+00   5.4660500e-01   1.0000000e+00
   2.5658316e+00   4.9299395e-01   1.0000000e+00
   2.1386034e+00   2.1413010e-01   1.0000000e+00
   2.2202795e+00   3.8642738e-01   1.0000000e+00
   2.2298309e+00   8.6402505e-01   1.0000000e+00
   2.1962676e+00   2.7451070e-01   1.0000000e+00
   2.2737899e+00   7.9075179e-01   1.0000000e+00
   2.4682869e+00   6.7703169e-01   1.0000000e+00
   2.3105174e+00   7.0322249e-01   1.0000000e+00
   2.4933096e+00   8.7554986e-01   1.0000000e+00
   2.0667934e+00   6.7945993e-01   1.0000000e+00
   2.5178694e+00   2.8511051e-01   1.0000000e+00
   2.3215999e+00   3.6437467e-01   1.0000000e+00
   2.3755056e+00   6.8355716e-01   1.0000000e+00
   2.4760398e+00   5.5916041e-01   1.0000000e+00
   2.1348296e+00   5.6204000e-01   1.0000000e+00
   2.9949239e+00   8.3820268e-02   1.0000000e+00
   2.3888488e+00   7.0990701e-02   1.0000000e+00
   3.5336904e+00   1.4129146e-01   1.0000000e+00
   3.1931217e+00   8.5770670e-02   1.0000000e+00
   3.2573809e+00   8.3787347e-02   1.0000000e+00
   3.8524659e+00   7.8578712e-02   1.0000000e+00
   2.7343911e+00   2.1044619e-01   1.0000000e+00
   3.4472149e+00   9.5072556e-02   1.0000000e+00
   2.6390538e+00   1.4073093e-01   1.0000000e+00
   1.9973696e+00   1.6536173e-01   1.0000000e+00
   4.7107327e+00   1.6470682e-01   1.0000000e+00
   3.1286425e+00   1.0369927e-01   1.0000000e+00
   3.0103531e+00   1.2440553e-01   1.0000000e+00
   3.0103531e+00   1.2440553e-01   1.0000000e+00
   3.1047118e+00   9.4138081e-02   1.0000000e+00
   2.7628893e+00   8.7020175e-02   1.0000000e+00
   3.6483178e+00   9.1786526e-02   1.0000000e+00
   2.0023100e+00   2.1498054e-01   1.0000000e+00
   3.2400328e+00   1.7153332e-01   1.0000000e+00
   2.1825104e+00   1.4454020e-01   1.0000000e+00
   2.0935313e+00   3.5763691e-01   1.0000000e+00
   2.0733500e+00   3.3585098e-01   1.0000000e+00
   1.9822929e+00   1.5400540e-01   1.0000000e+00
   1.9905760e+00   2.3677793e-01   1.0000000e+00
   1.9880515e+00   2.3738853e-01   1.0000000e+00
   1.9879266e+00   1.2597672e-01   1.0000000e+00
   2.1288965e+00   1.4598365e-01   1.0000000e+00
   1.9033980e+00   1.0270399e-01   1.0000000e+00
   2.0799837e+00   6.5121356e-01   1.0000000e+00
   2.0204396e+00   4.1909012e-01   1.0000000e+00
   2.0076388e+00   1.8539843e-01   1.0000000e+00
   2.1077834e+00   2.2263351e-01   1.0000000e+00
   1.7253593e+00   6.7940656e-02   1.0000000e+00
   2.0279458e+00   6.1156758e-01   1.0000000e+00
   2.0262558e+00   6.1173429e-01   1.0000000e+00
   1.9967572e+00   3.0505781e-01   1.0000000e+00
   2.2843931e+00   2.4460325e-01   1.0000000e+00
   2.3997015e+00   2.9409134e-01   1.0000000e+00
   2.5479716e+00   2.5930347e-01   1.0000000e+00
   2.0215751e+00   2.1699028e-01   1.0000000e+00
   2.1500350e+00   1.3832409e-01   1.0000000e+00
   1.6733203e+00   6.9295019e-02   1.0000000e+00
   2.2842697e+00   1.0013792e-01   1.0000000e+00
   2.4428257e+00   6.3825375e-02   1.0000000e+00
   2.1814291e+00   1.8037239e-01   1.0000000e+00
   1.2312326e+00   3.2726823e-02   1.0000000e+00
   2.1650648e+00   6.1989726e-01   1.0000000e+00
   2.1608824e+00   4.8613848e-01   1.0000000e+00
   2.0429297e+00   6.4505230e-01   1.0000000e+00
   1.0129579e+00   7.5944809e-02   1.0000000e+00
   1.7026335e+00   2.0328768e-01   1.0000000e+00
   1.9303098e+00   3.5759767e-01   1.0000000e+00
   1.9528044e+00   2.1899682e-01   1.0000000e+00
   1.9070124e+00   1.3965174e-01   1.0000000e+00
   1.7573891e+00   2.9993029e-01   1.0000000e+00
   1.9333300e+00   8.8919074e-02   1.0000000e+00
   1.6703952e+00   6.2609070e-02   1.0000000e+00
   1.7882133e+00   1.2339555e-01   1.0000000e+00
   1.7645340e+00   1.2172747e-01   1.0000000e+00
   1.7882669e+00   5.6330642e-02   1.0000000e+00
   1.7739730e+00   2.1204672e-01   1.0000000e+00
   2.3194901e+00   2.9739512e-02   1.0000000e+00
   1.6753292e+00   1.0616240e-01   1.0000000e+00
   2.4414463e+00   6.3208801e-02   1.0000000e+00
   2.3074820e+00   1.6503567e-01   1.0000000e+00
   2.5704772e+00   1.4775794e-01   1.0000000e+00
   1.0734064e+00   7.8186475e-02   1.0000000e+00
   1.8806661e+00   9.8269859e-02   1.0000000e+00
   1.3222068e+00   8.3013411e-02   1.0000000e+00
   1.9343266e+00   2.0456010e-01   1.0000000e+00
   1.9278649e+00   1.7470308e-01   1.0000000e+00
   1.9652428e+00   5.5763664e-02   1.0000000e+00
   1.6619167e+00   9.7950683e-02   1.0000000e+00
   2.1483744e+00   6.1857789e-02   1.0000000e+00
   2.6776323e+00   2.1438643e-01   1.0000000e+00
   1.6656484e+00   1.0708288e-01   1.0000000e+00
   2.5125868e+00   9.2209095e-02   1.0000000e+00
   1.9493510e+00   4.1067825e-02   1.0000000e+00
   2.0568662e+00   3.9298291e-01   1.0000000e+00
   1.7587730e+00   2.7332765e-01   1.0000000e+00
